10/01/2018;0;5;303
10/01/2018;1;2;168
10/01/2018;2;1;97
10/01/2018;3;1;94
10/01/2018;4;2;158
10/01/2018;5;6;387
10/01/2018;6;13;811
10/01/2018;7;28;1700
10/01/2018;8;33;1983
10/01/2018;9;33;1981
10/01/2018;10;30;1801
10/01/2018;11;29;1761
10/01/2018;12;25;1549
10/01/2018;13;25;1529
10/01/2018;14;31;1866
10/01/2018;15;29;1756
10/01/2018;16;28;1711
10/01/2018;17;38;2283
10/01/2018;18;42;2546
10/01/2018;19;33;1985
10/01/2018;20;20;1222
10/01/2018;21;14;857
10/01/2018;22;10;625
10/01/2018;23;9;550

10/01/2018;0;5;303
10/01/2018;1;2;168
10/01/2018;2;1;97
10/01/2018;3;1;94
10/01/2018;4;2;158
10/01/2018;5;6;387
10/01/2018;6;13;811
10/01/2018;7;28;1700
10/01/2018;8;33;1983
10/01/2018;9;33;1981
10/01/2018;10;30;1801
10/01/2018;11;29;1761
10/01/2018;12;25;1549
10/01/2018;13;25;1529
10/01/2018;14;31;1866
10/01/2018;15;29;1756
10/01/2018;16;28;1711
10/01/2018;17;38;2283
10/01/2018;18;42;2546
10/01/2018;19;33;1985
10/01/2018;20;20;1222
10/01/2018;21;14;857
10/01/2018;22;10;625
10/01/2018;23;9;550

