998726623657644032
998726623657644032
998726623657644032
998726623657644032
998726623657644032
998726623657644032
998726623657644032
998726623657644032
998726623657644032
998726623657644032
998726623657644032
998726623657644032
998726623657644032
998726623657644032
998726623657644032
998726623657644032
998726623657644032
998726623657644032
998726623657644032
998726623657644032
998726623657644032
998726623657644032
998726623657644032
998726623657644032
998726623657644032
998726623657644032
998726623657644032
998726623657644032
998726623657644032
998726623657644032
998726623657644032
